# Gaussian folded, width=10 cm^-1
# [cm^-1] [(D/Å)^2 amu^-1]
0.000      4.66330e-07      0.00000e+00 
1.000      4.54043e-07      2.63470e-02 
2.000      4.18235e-07      1.03135e-01 
3.000      3.64470e-07      2.18428e-01 
4.000      3.00485e-07      3.55638e-01 
5.000      2.34370e-07      4.97415e-01 
6.000      1.72942e-07      6.29142e-01 
7.000      1.20731e-07      7.41104e-01 
8.000      7.97359e-08      8.29014e-01 
9.000      4.98206e-08      8.93164e-01 
10.000      2.94498e-08      9.36848e-01 
11.000      1.64693e-08      9.64683e-01 
12.000      8.71337e-09      9.81315e-01 
13.000      4.36131e-09      9.90648e-01 
14.000      2.06522e-09      9.95571e-01 
15.000      9.25195e-10      9.98016e-01 
16.000      3.92121e-10      9.99159e-01 
17.000      1.57226e-10      9.99663e-01 
18.000      5.96417e-11      9.99872e-01 
19.000      2.14039e-11      9.99954e-01 
20.000      7.26701e-12      9.99984e-01 
21.000      2.33419e-12      9.99995e-01 
22.000      7.09311e-13      9.99998e-01 
23.000      2.03918e-13      1.00000e+00 
24.000      5.54616e-14      1.00000e+00 
25.000      1.42708e-14      1.00000e+00 
26.000      3.47396e-15      1.00000e+00 
27.000      8.00053e-16      1.00000e+00 
28.000      1.74314e-16      1.00000e+00 
29.000      3.59305e-17      1.00000e+00 
30.000      7.00672e-18      1.00000e+00 
31.000      1.29266e-18      1.00000e+00 
32.000      2.25618e-19      1.00000e+00 
33.000      3.72546e-20      1.00000e+00 
34.000      5.81978e-21      1.00000e+00 
35.000      8.60106e-22      1.00000e+00 
36.000      1.20259e-22      1.00000e+00 
37.000      1.59074e-23      1.00000e+00 
38.000      1.99068e-24      1.00000e+00 
39.000      2.35679e-25      1.00000e+00 
40.000      2.63974e-26      1.00000e+00 
41.000      2.79718e-27      1.00000e+00 
42.000      2.80413e-28      1.00000e+00 
43.000      2.65946e-29      1.00000e+00 
44.000      2.38621e-30      1.00000e+00 
45.000      2.02555e-31      1.00000e+00 
46.000      1.62666e-32      1.00000e+00 
47.000      1.23586e-33      1.00000e+00 
48.000      8.88300e-35      1.00000e+00 
49.000      6.04045e-36      1.00000e+00 
50.000      3.88596e-37      1.00000e+00 
51.000      2.36508e-38      1.00000e+00 
52.000      1.36180e-39      1.00000e+00 
53.000      7.41820e-41      1.00000e+00 
54.000      3.82299e-42      1.00000e+00 
55.000      1.86392e-43      1.00000e+00 
56.000      8.59743e-45      1.00000e+00 
57.000      3.75172e-46      1.00000e+00 
58.000      1.54885e-47      1.00000e+00 
59.000      6.04936e-49      1.00000e+00 
60.000      2.23526e-50      1.00000e+00 
61.000      7.81384e-52      1.00000e+00 
62.000      2.58417e-53      1.00000e+00 
63.000      8.08528e-55      1.00000e+00 
64.000      2.39326e-56      1.00000e+00 
65.000      6.70196e-58      1.00000e+00 
66.000      1.77555e-59      1.00000e+00 
67.000      4.45025e-61      1.00000e+00 
68.000      1.05525e-62      1.00000e+00 
69.000      2.36724e-64      1.00000e+00 
70.000      5.02401e-66      1.00000e+00 
71.000      1.00873e-67      1.00000e+00 
72.000      1.91612e-69      1.00000e+00 
73.000      3.44339e-71      1.00000e+00 
74.000      5.85423e-73      1.00000e+00 
75.000      9.41613e-75      1.00000e+00 
76.000      1.43283e-76      1.00000e+00 
77.000      2.06269e-78      1.00000e+00 
78.000      2.80927e-80      1.00000e+00 
79.000      3.61969e-82      1.00000e+00 
80.000      4.41234e-84      1.00000e+00 
81.000      5.08844e-86      1.00000e+00 
82.000      5.55163e-88      1.00000e+00 
83.000      5.73026e-90      1.00000e+00 
84.000      5.59561e-92      1.00000e+00 
85.000      5.16939e-94      1.00000e+00 
86.000      4.51805e-96      1.00000e+00 
87.000      3.73578e-98      1.00000e+00 
88.000     2.92233e-100      1.00000e+00 
89.000     2.16271e-102      1.00000e+00 
90.000     1.51421e-104      1.00000e+00 
91.000     1.00298e-106      1.00000e+00 
92.000     6.28516e-109      1.00000e+00 
93.000     3.72615e-111      1.00000e+00 
94.000     2.08989e-113      1.00000e+00 
95.000     1.10893e-115      1.00000e+00 
96.000     5.56681e-118      1.00000e+00 
97.000     2.64379e-120      1.00000e+00 
98.000     1.18786e-122      1.00000e+00 
99.000     5.04921e-125      1.00000e+00 
100.000     2.03049e-127      1.00000e+00 
101.000     7.72497e-130      1.00000e+00 
102.000     2.78043e-132      1.00000e+00 
103.000     9.46774e-135      1.00000e+00 
104.000     3.05000e-137      1.00000e+00 
105.000     9.29547e-140      1.00000e+00 
106.000     2.68017e-142      1.00000e+00 
107.000     7.31094e-145      1.00000e+00 
108.000     1.88670e-147      1.00000e+00 
109.000     4.60628e-150      1.00000e+00 
110.000     1.06394e-152      1.00000e+00 
111.000     2.32490e-155      1.00000e+00 
112.000     4.80628e-158      1.00000e+00 
113.000     9.40013e-161      1.00000e+00 
114.000     1.73931e-163      1.00000e+00 
115.000     3.04467e-166      1.00000e+00 
116.000     5.04221e-169      1.00000e+00 
117.000     7.89990e-172      1.00000e+00 
118.000     1.17096e-174      1.00000e+00 
119.000     1.64202e-177      1.00000e+00 
120.000     2.17840e-180      1.00000e+00 
121.000     2.73410e-183      1.00000e+00 
122.000     3.24646e-186      1.00000e+00 
123.000     3.64690e-189      1.00000e+00 
124.000     3.87577e-192      1.00000e+00 
125.000     3.89683e-195      1.00000e+00 
126.000     3.70666e-198      1.00000e+00 
127.000     3.33560e-201      1.00000e+00 
128.000     2.83978e-204      1.00000e+00 
129.000     2.28725e-207      1.00000e+00 
130.000     1.74285e-210      1.00000e+00 
131.000     1.25640e-213      1.00000e+00 
132.000     8.56869e-217      1.00000e+00 
133.000     5.52866e-220      1.00000e+00 
134.000     3.37477e-223      1.00000e+00 
135.000     1.94889e-226      1.00000e+00 
136.000     1.06476e-229      1.00000e+00 
137.000     5.50341e-233      1.00000e+00 
138.000     2.69112e-236      1.00000e+00 
139.000     1.24495e-239      1.00000e+00 
140.000     5.44867e-243      1.00000e+00 
141.000     2.25605e-246      1.00000e+00 
142.000     8.83742e-250      1.00000e+00 
143.000     3.27508e-253      1.00000e+00 
144.000     1.14825e-256      1.00000e+00 
145.000     3.80865e-260      1.00000e+00 
146.000     1.19515e-263      1.00000e+00 
147.000     3.54810e-267      1.00000e+00 
148.000     9.96523e-271      1.00000e+00 
149.000     2.64788e-274      1.00000e+00 
150.000     6.65622e-278      1.00000e+00 
151.000     1.58298e-281      1.00000e+00 
152.000     3.56159e-285      1.00000e+00 
153.000     7.58107e-289      1.00000e+00 
154.000     1.52664e-292      1.00000e+00 
155.000     2.90845e-296      1.00000e+00 
156.000     5.24210e-300      1.00000e+00 
157.000     8.93858e-304      1.00000e+00 
158.000     1.44195e-307      1.00000e+00 
159.000     2.20066e-311      1.00000e+00 
160.000     3.17741e-315      1.00000e+00 
161.000     4.34022e-319      1.00000e+00 
162.000     6.42285e-323      1.00000e+00 
163.000      0.00000e+00      1.00000e+00 
164.000      0.00000e+00      1.00000e+00 
165.000      0.00000e+00      1.00000e+00 
166.000      0.00000e+00      1.00000e+00 
167.000      0.00000e+00      1.00000e+00 
168.000      0.00000e+00      1.00000e+00 
169.000      0.00000e+00      1.00000e+00 
170.000      0.00000e+00      1.00000e+00 
171.000      0.00000e+00      1.00000e+00 
172.000      0.00000e+00      1.00000e+00 
173.000      0.00000e+00      1.00000e+00 
174.000      0.00000e+00      1.00000e+00 
175.000      0.00000e+00      1.00000e+00 
176.000      0.00000e+00      1.00000e+00 
177.000      0.00000e+00      1.00000e+00 
178.000      0.00000e+00      1.00000e+00 
179.000      0.00000e+00      1.00000e+00 
180.000      0.00000e+00      1.00000e+00 
181.000      0.00000e+00      1.00000e+00 
182.000      0.00000e+00      1.00000e+00 
183.000      0.00000e+00      1.00000e+00 
184.000      0.00000e+00      1.00000e+00 
185.000      0.00000e+00      1.00000e+00 
186.000      0.00000e+00      1.00000e+00 
187.000      0.00000e+00      1.00000e+00 
188.000      0.00000e+00      1.00000e+00 
189.000      0.00000e+00      1.00000e+00 
190.000      0.00000e+00      1.00000e+00 
191.000      0.00000e+00      1.00000e+00 
192.000      0.00000e+00      1.00000e+00 
193.000      0.00000e+00      1.00000e+00 
194.000      0.00000e+00      1.00000e+00 
195.000      0.00000e+00      1.00000e+00 
196.000      0.00000e+00      1.00000e+00 
197.000      0.00000e+00      1.00000e+00 
198.000      0.00000e+00      1.00000e+00 
199.000      0.00000e+00      1.00000e+00 
200.000      0.00000e+00      1.00000e+00 
201.000      0.00000e+00      1.00000e+00 
202.000      0.00000e+00      1.00000e+00 
203.000      0.00000e+00      1.00000e+00 
204.000      0.00000e+00      1.00000e+00 
205.000      0.00000e+00      1.00000e+00 
206.000      0.00000e+00      1.00000e+00 
207.000      0.00000e+00      1.00000e+00 
208.000      0.00000e+00      1.00000e+00 
209.000      0.00000e+00      1.00000e+00 
210.000      0.00000e+00      1.00000e+00 
211.000      0.00000e+00      1.00000e+00 
212.000      0.00000e+00      1.00000e+00 
213.000      0.00000e+00      1.00000e+00 
214.000      0.00000e+00      1.00000e+00 
215.000      0.00000e+00      1.00000e+00 
216.000      0.00000e+00      1.00000e+00 
217.000      0.00000e+00      1.00000e+00 
218.000      0.00000e+00      1.00000e+00 
219.000      0.00000e+00      1.00000e+00 
220.000      0.00000e+00      1.00000e+00 
221.000      0.00000e+00      1.00000e+00 
222.000      0.00000e+00      1.00000e+00 
223.000      0.00000e+00      1.00000e+00 
224.000      0.00000e+00      1.00000e+00 
225.000      0.00000e+00      1.00000e+00 
226.000      0.00000e+00      1.00000e+00 
227.000      0.00000e+00      1.00000e+00 
228.000      0.00000e+00      1.00000e+00 
229.000      0.00000e+00      1.00000e+00 
230.000      0.00000e+00      1.00000e+00 
231.000      0.00000e+00      1.00000e+00 
232.000      0.00000e+00      1.00000e+00 
233.000      0.00000e+00      1.00000e+00 
234.000      0.00000e+00      1.00000e+00 
235.000      0.00000e+00      1.00000e+00 
236.000      0.00000e+00      1.00000e+00 
237.000      0.00000e+00      1.00000e+00 
238.000      0.00000e+00      1.00000e+00 
239.000      0.00000e+00      1.00000e+00 
240.000      0.00000e+00      1.00000e+00 
241.000      0.00000e+00      1.00000e+00 
242.000      0.00000e+00      1.00000e+00 
243.000      0.00000e+00      1.00000e+00 
244.000      0.00000e+00      1.00000e+00 
245.000      0.00000e+00      1.00000e+00 
246.000      0.00000e+00      1.00000e+00 
247.000      0.00000e+00      1.00000e+00 
248.000      0.00000e+00      1.00000e+00 
249.000      0.00000e+00      1.00000e+00 
250.000      0.00000e+00      1.00000e+00 
251.000      0.00000e+00      1.00000e+00 
252.000      0.00000e+00      1.00000e+00 
253.000      0.00000e+00      1.00000e+00 
254.000      0.00000e+00      1.00000e+00 
255.000      0.00000e+00      1.00000e+00 
256.000      0.00000e+00      1.00000e+00 
257.000      0.00000e+00      1.00000e+00 
258.000      0.00000e+00      1.00000e+00 
259.000      0.00000e+00      1.00000e+00 
260.000      0.00000e+00      1.00000e+00 
261.000      0.00000e+00      1.00000e+00 
262.000      0.00000e+00      1.00000e+00 
263.000      0.00000e+00      1.00000e+00 
264.000      0.00000e+00      1.00000e+00 
265.000      0.00000e+00      1.00000e+00 
266.000      0.00000e+00      1.00000e+00 
267.000      0.00000e+00      1.00000e+00 
268.000      0.00000e+00      1.00000e+00 
269.000      0.00000e+00      1.00000e+00 
270.000      0.00000e+00      1.00000e+00 
271.000      0.00000e+00      1.00000e+00 
272.000      0.00000e+00      1.00000e+00 
273.000      0.00000e+00      1.00000e+00 
274.000      0.00000e+00      1.00000e+00 
275.000      0.00000e+00      1.00000e+00 
276.000      0.00000e+00      1.00000e+00 
277.000      0.00000e+00      1.00000e+00 
278.000      0.00000e+00      1.00000e+00 
279.000      0.00000e+00      1.00000e+00 
280.000      0.00000e+00      1.00000e+00 
281.000      0.00000e+00      1.00000e+00 
282.000      0.00000e+00      1.00000e+00 
283.000      0.00000e+00      1.00000e+00 
284.000      0.00000e+00      1.00000e+00 
285.000      0.00000e+00      1.00000e+00 
286.000      0.00000e+00      1.00000e+00 
287.000      0.00000e+00      1.00000e+00 
288.000      0.00000e+00      1.00000e+00 
289.000      0.00000e+00      1.00000e+00 
290.000      0.00000e+00      1.00000e+00 
291.000      0.00000e+00      1.00000e+00 
292.000      0.00000e+00      1.00000e+00 
293.000      0.00000e+00      1.00000e+00 
294.000      0.00000e+00      1.00000e+00 
295.000      0.00000e+00      1.00000e+00 
296.000      0.00000e+00      1.00000e+00 
297.000      0.00000e+00      1.00000e+00 
298.000      0.00000e+00      1.00000e+00 
299.000      0.00000e+00      1.00000e+00 
300.000      0.00000e+00      1.00000e+00 
301.000      0.00000e+00      1.00000e+00 
302.000      0.00000e+00      1.00000e+00 
303.000      0.00000e+00      1.00000e+00 
304.000      0.00000e+00      1.00000e+00 
305.000      0.00000e+00      1.00000e+00 
306.000      0.00000e+00      1.00000e+00 
307.000      0.00000e+00      1.00000e+00 
308.000      0.00000e+00      1.00000e+00 
309.000      0.00000e+00      1.00000e+00 
310.000      0.00000e+00      1.00000e+00 
311.000      0.00000e+00      1.00000e+00 
312.000      0.00000e+00      1.00000e+00 
313.000      0.00000e+00      1.00000e+00 
314.000      0.00000e+00      1.00000e+00 
315.000      0.00000e+00      1.00000e+00 
316.000      0.00000e+00      1.00000e+00 
317.000      0.00000e+00      1.00000e+00 
318.000      0.00000e+00      1.00000e+00 
319.000      0.00000e+00      1.00000e+00 
320.000      0.00000e+00      1.00000e+00 
321.000      0.00000e+00      1.00000e+00 
322.000      0.00000e+00      1.00000e+00 
323.000      0.00000e+00      1.00000e+00 
324.000      0.00000e+00      1.00000e+00 
325.000      0.00000e+00      1.00000e+00 
326.000      0.00000e+00      1.00000e+00 
327.000      0.00000e+00      1.00000e+00 
328.000      0.00000e+00      1.00000e+00 
329.000      0.00000e+00      1.00000e+00 
330.000      0.00000e+00      1.00000e+00 
331.000      0.00000e+00      1.00000e+00 
332.000      0.00000e+00      1.00000e+00 
333.000      0.00000e+00      1.00000e+00 
334.000      0.00000e+00      1.00000e+00 
335.000      0.00000e+00      1.00000e+00 
336.000      0.00000e+00      1.00000e+00 
337.000      0.00000e+00      1.00000e+00 
338.000      0.00000e+00      1.00000e+00 
339.000      0.00000e+00      1.00000e+00 
340.000      0.00000e+00      1.00000e+00 
341.000      0.00000e+00      1.00000e+00 
342.000      0.00000e+00      1.00000e+00 
343.000      0.00000e+00      1.00000e+00 
344.000      0.00000e+00      1.00000e+00 
345.000      0.00000e+00      1.00000e+00 
346.000      0.00000e+00      1.00000e+00 
347.000      0.00000e+00      1.00000e+00 
348.000      0.00000e+00      1.00000e+00 
349.000      0.00000e+00      1.00000e+00 
350.000      0.00000e+00      1.00000e+00 
351.000      0.00000e+00      1.00000e+00 
352.000      0.00000e+00      1.00000e+00 
353.000      0.00000e+00      1.00000e+00 
354.000      0.00000e+00      1.00000e+00 
355.000      0.00000e+00      1.00000e+00 
356.000      0.00000e+00      1.00000e+00 
357.000      0.00000e+00      1.00000e+00 
358.000      0.00000e+00      1.00000e+00 
359.000      0.00000e+00      1.00000e+00 
360.000      0.00000e+00      1.00000e+00 
361.000      0.00000e+00      1.00000e+00 
362.000      0.00000e+00      1.00000e+00 
363.000      0.00000e+00      1.00000e+00 
364.000      0.00000e+00      1.00000e+00 
365.000      0.00000e+00      1.00000e+00 
366.000      0.00000e+00      1.00000e+00 
367.000      0.00000e+00      1.00000e+00 
368.000      0.00000e+00      1.00000e+00 
369.000      0.00000e+00      1.00000e+00 
370.000      0.00000e+00      1.00000e+00 
371.000      0.00000e+00      1.00000e+00 
372.000      0.00000e+00      1.00000e+00 
373.000      0.00000e+00      1.00000e+00 
374.000      0.00000e+00      1.00000e+00 
375.000      0.00000e+00      1.00000e+00 
376.000      0.00000e+00      1.00000e+00 
377.000      0.00000e+00      1.00000e+00 
378.000      0.00000e+00      1.00000e+00 
379.000      0.00000e+00      1.00000e+00 
380.000      0.00000e+00      1.00000e+00 
381.000      0.00000e+00      1.00000e+00 
382.000      0.00000e+00      1.00000e+00 
383.000      0.00000e+00      1.00000e+00 
384.000      0.00000e+00      1.00000e+00 
385.000      0.00000e+00      1.00000e+00 
386.000      0.00000e+00      1.00000e+00 
387.000      0.00000e+00      1.00000e+00 
388.000      0.00000e+00      1.00000e+00 
389.000      0.00000e+00      1.00000e+00 
390.000      0.00000e+00      1.00000e+00 
391.000      0.00000e+00      1.00000e+00 
392.000      0.00000e+00      1.00000e+00 
393.000      0.00000e+00      1.00000e+00 
394.000      0.00000e+00      1.00000e+00 
395.000      0.00000e+00      1.00000e+00 
396.000      0.00000e+00      1.00000e+00 
397.000      0.00000e+00      1.00000e+00 
398.000      0.00000e+00      1.00000e+00 
399.000      0.00000e+00      1.00000e+00 
400.000      0.00000e+00      1.00000e+00 
401.000      0.00000e+00      1.00000e+00 
402.000      0.00000e+00      1.00000e+00 
403.000      0.00000e+00      1.00000e+00 
404.000      0.00000e+00      1.00000e+00 
405.000      0.00000e+00      1.00000e+00 
406.000      0.00000e+00      1.00000e+00 
407.000      0.00000e+00      1.00000e+00 
408.000      0.00000e+00      1.00000e+00 
409.000      0.00000e+00      1.00000e+00 
410.000      0.00000e+00      1.00000e+00 
411.000      0.00000e+00      1.00000e+00 
412.000      0.00000e+00      1.00000e+00 
413.000      0.00000e+00      1.00000e+00 
414.000      0.00000e+00      1.00000e+00 
415.000      0.00000e+00      1.00000e+00 
416.000      0.00000e+00      1.00000e+00 
417.000      0.00000e+00      1.00000e+00 
418.000      0.00000e+00      1.00000e+00 
419.000      0.00000e+00      1.00000e+00 
420.000      0.00000e+00      1.00000e+00 
421.000      0.00000e+00      1.00000e+00 
422.000      0.00000e+00      1.00000e+00 
423.000      0.00000e+00      1.00000e+00 
424.000      0.00000e+00      1.00000e+00 
425.000      0.00000e+00      1.00000e+00 
426.000      0.00000e+00      1.00000e+00 
427.000      0.00000e+00      1.00000e+00 
428.000      0.00000e+00      1.00000e+00 
429.000      0.00000e+00      1.00000e+00 
430.000      0.00000e+00      1.00000e+00 
431.000      0.00000e+00      1.00000e+00 
432.000      0.00000e+00      1.00000e+00 
433.000      0.00000e+00      1.00000e+00 
434.000      0.00000e+00      1.00000e+00 
435.000      0.00000e+00      1.00000e+00 
436.000      0.00000e+00      1.00000e+00 
437.000      0.00000e+00      1.00000e+00 
438.000      0.00000e+00      1.00000e+00 
439.000      0.00000e+00      1.00000e+00 
440.000      0.00000e+00      1.00000e+00 
441.000      0.00000e+00      1.00000e+00 
442.000      0.00000e+00      1.00000e+00 
443.000      0.00000e+00      1.00000e+00 
444.000      0.00000e+00      1.00000e+00 
445.000      0.00000e+00      1.00000e+00 
446.000      0.00000e+00      1.00000e+00 
447.000      0.00000e+00      1.00000e+00 
448.000      0.00000e+00      1.00000e+00 
449.000      0.00000e+00      1.00000e+00 
450.000      0.00000e+00      1.00000e+00 
451.000      0.00000e+00      1.00000e+00 
452.000      0.00000e+00      1.00000e+00 
453.000      0.00000e+00      1.00000e+00 
454.000      0.00000e+00      1.00000e+00 
455.000      0.00000e+00      1.00000e+00 
456.000      0.00000e+00      1.00000e+00 
457.000      0.00000e+00      1.00000e+00 
458.000      0.00000e+00      1.00000e+00 
459.000      0.00000e+00      1.00000e+00 
460.000      0.00000e+00      1.00000e+00 
461.000      0.00000e+00      1.00000e+00 
462.000      0.00000e+00      1.00000e+00 
463.000      0.00000e+00      1.00000e+00 
464.000      0.00000e+00      1.00000e+00 
465.000      0.00000e+00      1.00000e+00 
466.000      0.00000e+00      1.00000e+00 
467.000      0.00000e+00      1.00000e+00 
468.000      0.00000e+00      1.00000e+00 
469.000      0.00000e+00      1.00000e+00 
470.000      0.00000e+00      1.00000e+00 
471.000      0.00000e+00      1.00000e+00 
472.000      0.00000e+00      1.00000e+00 
473.000      0.00000e+00      1.00000e+00 
474.000      0.00000e+00      1.00000e+00 
475.000      0.00000e+00      1.00000e+00 
476.000      0.00000e+00      1.00000e+00 
477.000      0.00000e+00      1.00000e+00 
478.000      0.00000e+00      1.00000e+00 
479.000      0.00000e+00      1.00000e+00 
480.000      0.00000e+00      1.00000e+00 
481.000      0.00000e+00      1.00000e+00 
482.000      0.00000e+00      1.00000e+00 
483.000      0.00000e+00      1.00000e+00 
484.000      0.00000e+00      1.00000e+00 
485.000      0.00000e+00      1.00000e+00 
486.000      0.00000e+00      1.00000e+00 
487.000      0.00000e+00      1.00000e+00 
488.000      0.00000e+00      1.00000e+00 
489.000      0.00000e+00      1.00000e+00 
490.000      0.00000e+00      1.00000e+00 
491.000      0.00000e+00      1.00000e+00 
492.000      0.00000e+00      1.00000e+00 
493.000      0.00000e+00      1.00000e+00 
494.000      0.00000e+00      1.00000e+00 
495.000      0.00000e+00      1.00000e+00 
496.000      0.00000e+00      1.00000e+00 
497.000      0.00000e+00      1.00000e+00 
498.000      0.00000e+00      1.00000e+00 
499.000      0.00000e+00      1.00000e+00 
500.000      0.00000e+00      1.00000e+00 
501.000      0.00000e+00      1.00000e+00 
502.000      0.00000e+00      1.00000e+00 
503.000      0.00000e+00      1.00000e+00 
504.000      0.00000e+00      1.00000e+00 
505.000      0.00000e+00      1.00000e+00 
506.000      0.00000e+00      1.00000e+00 
507.000      0.00000e+00      1.00000e+00 
508.000      0.00000e+00      1.00000e+00 
509.000      0.00000e+00      1.00000e+00 
510.000      0.00000e+00      1.00000e+00 
511.000      0.00000e+00      1.00000e+00 
512.000      0.00000e+00      1.00000e+00 
513.000      0.00000e+00      1.00000e+00 
514.000      0.00000e+00      1.00000e+00 
515.000      0.00000e+00      1.00000e+00 
516.000      0.00000e+00      1.00000e+00 
517.000      0.00000e+00      1.00000e+00 
518.000      0.00000e+00      1.00000e+00 
519.000      0.00000e+00      1.00000e+00 
520.000      0.00000e+00      1.00000e+00 
521.000      0.00000e+00      1.00000e+00 
522.000      0.00000e+00      1.00000e+00 
523.000      0.00000e+00      1.00000e+00 
524.000      0.00000e+00      1.00000e+00 
525.000      0.00000e+00      1.00000e+00 
526.000      0.00000e+00      1.00000e+00 
527.000      0.00000e+00      1.00000e+00 
528.000      0.00000e+00      1.00000e+00 
529.000      0.00000e+00      1.00000e+00 
530.000      0.00000e+00      1.00000e+00 
531.000      0.00000e+00      1.00000e+00 
532.000      0.00000e+00      1.00000e+00 
533.000      0.00000e+00      1.00000e+00 
534.000      0.00000e+00      1.00000e+00 
535.000      0.00000e+00      1.00000e+00 
536.000      0.00000e+00      1.00000e+00 
537.000      0.00000e+00      1.00000e+00 
538.000      0.00000e+00      1.00000e+00 
539.000      0.00000e+00      1.00000e+00 
540.000      0.00000e+00      1.00000e+00 
541.000      0.00000e+00      1.00000e+00 
542.000      0.00000e+00      1.00000e+00 
543.000      0.00000e+00      1.00000e+00 
544.000      0.00000e+00      1.00000e+00 
545.000      0.00000e+00      1.00000e+00 
546.000      0.00000e+00      1.00000e+00 
547.000      0.00000e+00      1.00000e+00 
548.000      0.00000e+00      1.00000e+00 
549.000      0.00000e+00      1.00000e+00 
550.000      0.00000e+00      1.00000e+00 
551.000      0.00000e+00      1.00000e+00 
552.000      0.00000e+00      1.00000e+00 
553.000      0.00000e+00      1.00000e+00 
554.000      0.00000e+00      1.00000e+00 
555.000      0.00000e+00      1.00000e+00 
556.000      0.00000e+00      1.00000e+00 
557.000      0.00000e+00      1.00000e+00 
558.000      0.00000e+00      1.00000e+00 
559.000      0.00000e+00      1.00000e+00 
560.000      0.00000e+00      1.00000e+00 
561.000      0.00000e+00      1.00000e+00 
562.000      0.00000e+00      1.00000e+00 
563.000      0.00000e+00      1.00000e+00 
564.000      0.00000e+00      1.00000e+00 
565.000      0.00000e+00      1.00000e+00 
566.000      0.00000e+00      1.00000e+00 
567.000      0.00000e+00      1.00000e+00 
568.000      0.00000e+00      1.00000e+00 
569.000      0.00000e+00      1.00000e+00 
570.000      0.00000e+00      1.00000e+00 
571.000      0.00000e+00      1.00000e+00 
572.000      0.00000e+00      1.00000e+00 
573.000      0.00000e+00      1.00000e+00 
574.000      0.00000e+00      1.00000e+00 
575.000      0.00000e+00      1.00000e+00 
576.000      0.00000e+00      1.00000e+00 
577.000      0.00000e+00      1.00000e+00 
578.000      0.00000e+00      1.00000e+00 
579.000      0.00000e+00      1.00000e+00 
580.000      0.00000e+00      1.00000e+00 
581.000      0.00000e+00      1.00000e+00 
582.000      0.00000e+00      1.00000e+00 
583.000      0.00000e+00      1.00000e+00 
584.000      0.00000e+00      1.00000e+00 
585.000      0.00000e+00      1.00000e+00 
586.000      0.00000e+00      1.00000e+00 
587.000      0.00000e+00      1.00000e+00 
588.000      0.00000e+00      1.00000e+00 
589.000      0.00000e+00      1.00000e+00 
590.000      0.00000e+00      1.00000e+00 
591.000      0.00000e+00      1.00000e+00 
592.000      0.00000e+00      1.00000e+00 
593.000      0.00000e+00      1.00000e+00 
594.000      0.00000e+00      1.00000e+00 
595.000      0.00000e+00      1.00000e+00 
596.000      0.00000e+00      1.00000e+00 
597.000      0.00000e+00      1.00000e+00 
598.000      0.00000e+00      1.00000e+00 
599.000      0.00000e+00      1.00000e+00 
600.000      0.00000e+00      1.00000e+00 
601.000      0.00000e+00      1.00000e+00 
602.000      0.00000e+00      1.00000e+00 
603.000      0.00000e+00      1.00000e+00 
604.000      0.00000e+00      1.00000e+00 
605.000      0.00000e+00      1.00000e+00 
606.000      0.00000e+00      1.00000e+00 
607.000      0.00000e+00      1.00000e+00 
608.000      0.00000e+00      1.00000e+00 
609.000      0.00000e+00      1.00000e+00 
610.000      0.00000e+00      1.00000e+00 
611.000      0.00000e+00      1.00000e+00 
612.000      0.00000e+00      1.00000e+00 
613.000      0.00000e+00      1.00000e+00 
614.000      0.00000e+00      1.00000e+00 
615.000      0.00000e+00      1.00000e+00 
616.000      0.00000e+00      1.00000e+00 
617.000      0.00000e+00      1.00000e+00 
618.000      0.00000e+00      1.00000e+00 
619.000      0.00000e+00      1.00000e+00 
620.000      0.00000e+00      1.00000e+00 
621.000      0.00000e+00      1.00000e+00 
622.000      0.00000e+00      1.00000e+00 
623.000      0.00000e+00      1.00000e+00 
624.000      0.00000e+00      1.00000e+00 
625.000      0.00000e+00      1.00000e+00 
626.000      0.00000e+00      1.00000e+00 
627.000      0.00000e+00      1.00000e+00 
628.000      0.00000e+00      1.00000e+00 
629.000      0.00000e+00      1.00000e+00 
630.000      0.00000e+00      1.00000e+00 
631.000      0.00000e+00      1.00000e+00 
632.000      0.00000e+00      1.00000e+00 
633.000      0.00000e+00      1.00000e+00 
634.000      0.00000e+00      1.00000e+00 
635.000      0.00000e+00      1.00000e+00 
636.000      0.00000e+00      1.00000e+00 
637.000      0.00000e+00      1.00000e+00 
638.000      0.00000e+00      1.00000e+00 
639.000      0.00000e+00      1.00000e+00 
640.000      0.00000e+00      1.00000e+00 
641.000      0.00000e+00      1.00000e+00 
642.000      0.00000e+00      1.00000e+00 
643.000      0.00000e+00      1.00000e+00 
644.000      0.00000e+00      1.00000e+00 
645.000      0.00000e+00      1.00000e+00 
646.000      0.00000e+00      1.00000e+00 
647.000      0.00000e+00      1.00000e+00 
648.000      0.00000e+00      1.00000e+00 
649.000      0.00000e+00      1.00000e+00 
650.000      0.00000e+00      1.00000e+00 
651.000      0.00000e+00      1.00000e+00 
652.000      0.00000e+00      1.00000e+00 
653.000      0.00000e+00      1.00000e+00 
654.000      0.00000e+00      1.00000e+00 
655.000      0.00000e+00      1.00000e+00 
656.000      0.00000e+00      1.00000e+00 
657.000      0.00000e+00      1.00000e+00 
658.000      0.00000e+00      1.00000e+00 
659.000      0.00000e+00      1.00000e+00 
660.000      0.00000e+00      1.00000e+00 
661.000      0.00000e+00      1.00000e+00 
662.000      0.00000e+00      1.00000e+00 
663.000      0.00000e+00      1.00000e+00 
664.000      0.00000e+00      1.00000e+00 
665.000      0.00000e+00      1.00000e+00 
666.000      0.00000e+00      1.00000e+00 
667.000      0.00000e+00      1.00000e+00 
668.000      0.00000e+00      1.00000e+00 
669.000      0.00000e+00      1.00000e+00 
670.000      0.00000e+00      1.00000e+00 
671.000      0.00000e+00      1.00000e+00 
672.000      0.00000e+00      1.00000e+00 
673.000      0.00000e+00      1.00000e+00 
674.000      0.00000e+00      1.00000e+00 
675.000      0.00000e+00      1.00000e+00 
676.000      0.00000e+00      1.00000e+00 
677.000      0.00000e+00      1.00000e+00 
678.000      0.00000e+00      1.00000e+00 
679.000      0.00000e+00      1.00000e+00 
680.000      0.00000e+00      1.00000e+00 
681.000      0.00000e+00      1.00000e+00 
682.000      0.00000e+00      1.00000e+00 
683.000      0.00000e+00      1.00000e+00 
684.000      0.00000e+00      1.00000e+00 
685.000      0.00000e+00      1.00000e+00 
686.000      0.00000e+00      1.00000e+00 
687.000      0.00000e+00      1.00000e+00 
688.000      0.00000e+00      1.00000e+00 
689.000      0.00000e+00      1.00000e+00 
690.000      0.00000e+00      1.00000e+00 
691.000      0.00000e+00      1.00000e+00 
692.000      0.00000e+00      1.00000e+00 
693.000      0.00000e+00      1.00000e+00 
694.000      0.00000e+00      1.00000e+00 
695.000      0.00000e+00      1.00000e+00 
696.000      0.00000e+00      1.00000e+00 
697.000      0.00000e+00      1.00000e+00 
698.000      0.00000e+00      1.00000e+00 
699.000      0.00000e+00      1.00000e+00 
700.000      0.00000e+00      1.00000e+00 
701.000      0.00000e+00      1.00000e+00 
702.000      0.00000e+00      1.00000e+00 
703.000      0.00000e+00      1.00000e+00 
704.000      0.00000e+00      1.00000e+00 
705.000      0.00000e+00      1.00000e+00 
706.000      0.00000e+00      1.00000e+00 
707.000      0.00000e+00      1.00000e+00 
708.000      0.00000e+00      1.00000e+00 
709.000      0.00000e+00      1.00000e+00 
710.000      0.00000e+00      1.00000e+00 
711.000      0.00000e+00      1.00000e+00 
712.000      0.00000e+00      1.00000e+00 
713.000      0.00000e+00      1.00000e+00 
714.000      0.00000e+00      1.00000e+00 
715.000      0.00000e+00      1.00000e+00 
716.000      0.00000e+00      1.00000e+00 
717.000      0.00000e+00      1.00000e+00 
718.000      0.00000e+00      1.00000e+00 
719.000      0.00000e+00      1.00000e+00 
720.000      0.00000e+00      1.00000e+00 
721.000      0.00000e+00      1.00000e+00 
722.000      0.00000e+00      1.00000e+00 
723.000      0.00000e+00      1.00000e+00 
724.000      0.00000e+00      1.00000e+00 
725.000      0.00000e+00      1.00000e+00 
726.000      0.00000e+00      1.00000e+00 
727.000      0.00000e+00      1.00000e+00 
728.000      0.00000e+00      1.00000e+00 
729.000      0.00000e+00      1.00000e+00 
730.000      0.00000e+00      1.00000e+00 
731.000      0.00000e+00      1.00000e+00 
732.000      0.00000e+00      1.00000e+00 
733.000      0.00000e+00      1.00000e+00 
734.000      0.00000e+00      1.00000e+00 
735.000      0.00000e+00      1.00000e+00 
736.000      0.00000e+00      1.00000e+00 
737.000      0.00000e+00      1.00000e+00 
738.000      0.00000e+00      1.00000e+00 
739.000      0.00000e+00      1.00000e+00 
740.000      0.00000e+00      1.00000e+00 
741.000      0.00000e+00      1.00000e+00 
742.000      0.00000e+00      1.00000e+00 
743.000      0.00000e+00      1.00000e+00 
744.000      0.00000e+00      1.00000e+00 
745.000      0.00000e+00      1.00000e+00 
746.000      0.00000e+00      1.00000e+00 
747.000      0.00000e+00      1.00000e+00 
748.000      0.00000e+00      1.00000e+00 
749.000      0.00000e+00      1.00000e+00 
750.000      0.00000e+00      1.00000e+00 
751.000      0.00000e+00      1.00000e+00 
752.000      0.00000e+00      1.00000e+00 
753.000      0.00000e+00      1.00000e+00 
754.000      0.00000e+00      1.00000e+00 
755.000      0.00000e+00      1.00000e+00 
756.000      0.00000e+00      1.00000e+00 
757.000      0.00000e+00      1.00000e+00 
758.000      0.00000e+00      1.00000e+00 
759.000      0.00000e+00      1.00000e+00 
760.000      0.00000e+00      1.00000e+00 
761.000      0.00000e+00      1.00000e+00 
762.000      0.00000e+00      1.00000e+00 
763.000      0.00000e+00      1.00000e+00 
764.000      0.00000e+00      1.00000e+00 
765.000      0.00000e+00      1.00000e+00 
766.000      0.00000e+00      1.00000e+00 
767.000      0.00000e+00      1.00000e+00 
768.000      0.00000e+00      1.00000e+00 
769.000      0.00000e+00      1.00000e+00 
770.000      0.00000e+00      1.00000e+00 
771.000      0.00000e+00      1.00000e+00 
772.000      0.00000e+00      1.00000e+00 
773.000      0.00000e+00      1.00000e+00 
774.000      0.00000e+00      1.00000e+00 
775.000      0.00000e+00      1.00000e+00 
776.000      0.00000e+00      1.00000e+00 
777.000      0.00000e+00      1.00000e+00 
778.000      0.00000e+00      1.00000e+00 
779.000      0.00000e+00      1.00000e+00 
780.000      0.00000e+00      1.00000e+00 
781.000      0.00000e+00      1.00000e+00 
782.000      0.00000e+00      1.00000e+00 
783.000      0.00000e+00      1.00000e+00 
784.000      0.00000e+00      1.00000e+00 
785.000      0.00000e+00      1.00000e+00 
786.000      0.00000e+00      1.00000e+00 
787.000      0.00000e+00      1.00000e+00 
788.000      0.00000e+00      1.00000e+00 
789.000      0.00000e+00      1.00000e+00 
790.000      0.00000e+00      1.00000e+00 
791.000      0.00000e+00      1.00000e+00 
792.000      0.00000e+00      1.00000e+00 
793.000      0.00000e+00      1.00000e+00 
794.000      0.00000e+00      1.00000e+00 
795.000      0.00000e+00      1.00000e+00 
796.000      0.00000e+00      1.00000e+00 
797.000      0.00000e+00      1.00000e+00 
798.000      0.00000e+00      1.00000e+00 
799.000      0.00000e+00      1.00000e+00 
800.000      0.00000e+00      1.00000e+00 
801.000      0.00000e+00      1.00000e+00 
802.000      0.00000e+00      1.00000e+00 
803.000      0.00000e+00      1.00000e+00 
804.000      0.00000e+00      1.00000e+00 
805.000      0.00000e+00      1.00000e+00 
806.000      0.00000e+00      1.00000e+00 
807.000      0.00000e+00      1.00000e+00 
808.000      0.00000e+00      1.00000e+00 
809.000      0.00000e+00      1.00000e+00 
810.000      0.00000e+00      1.00000e+00 
811.000      0.00000e+00      1.00000e+00 
812.000      0.00000e+00      1.00000e+00 
813.000      0.00000e+00      1.00000e+00 
814.000      0.00000e+00      1.00000e+00 
815.000      0.00000e+00      1.00000e+00 
816.000      0.00000e+00      1.00000e+00 
817.000      0.00000e+00      1.00000e+00 
818.000      0.00000e+00      1.00000e+00 
819.000      0.00000e+00      1.00000e+00 
820.000      0.00000e+00      1.00000e+00 
821.000      0.00000e+00      1.00000e+00 
822.000      0.00000e+00      1.00000e+00 
823.000      0.00000e+00      1.00000e+00 
824.000      0.00000e+00      1.00000e+00 
825.000      0.00000e+00      1.00000e+00 
826.000      0.00000e+00      1.00000e+00 
827.000      0.00000e+00      1.00000e+00 
828.000      0.00000e+00      1.00000e+00 
829.000      0.00000e+00      1.00000e+00 
830.000      0.00000e+00      1.00000e+00 
831.000      0.00000e+00      1.00000e+00 
832.000      0.00000e+00      1.00000e+00 
833.000      0.00000e+00      1.00000e+00 
834.000      0.00000e+00      1.00000e+00 
835.000      0.00000e+00      1.00000e+00 
836.000      0.00000e+00      1.00000e+00 
837.000      0.00000e+00      1.00000e+00 
838.000      0.00000e+00      1.00000e+00 
839.000      0.00000e+00      1.00000e+00 
840.000      0.00000e+00      1.00000e+00 
841.000      0.00000e+00      1.00000e+00 
842.000      0.00000e+00      1.00000e+00 
843.000      0.00000e+00      1.00000e+00 
844.000      0.00000e+00      1.00000e+00 
845.000      0.00000e+00      1.00000e+00 
846.000      0.00000e+00      1.00000e+00 
847.000      0.00000e+00      1.00000e+00 
848.000      0.00000e+00      1.00000e+00 
849.000      0.00000e+00      1.00000e+00 
850.000      0.00000e+00      1.00000e+00 
851.000      0.00000e+00      1.00000e+00 
852.000      0.00000e+00      1.00000e+00 
853.000      0.00000e+00      1.00000e+00 
854.000      0.00000e+00      1.00000e+00 
855.000      0.00000e+00      1.00000e+00 
856.000      0.00000e+00      1.00000e+00 
857.000      0.00000e+00      1.00000e+00 
858.000      0.00000e+00      1.00000e+00 
859.000      0.00000e+00      1.00000e+00 
860.000      0.00000e+00      1.00000e+00 
861.000      0.00000e+00      1.00000e+00 
862.000      0.00000e+00      1.00000e+00 
863.000      0.00000e+00      1.00000e+00 
864.000      0.00000e+00      1.00000e+00 
865.000      0.00000e+00      1.00000e+00 
866.000      0.00000e+00      1.00000e+00 
867.000      0.00000e+00      1.00000e+00 
868.000      0.00000e+00      1.00000e+00 
869.000      0.00000e+00      1.00000e+00 
870.000      0.00000e+00      1.00000e+00 
871.000      0.00000e+00      1.00000e+00 
872.000      0.00000e+00      1.00000e+00 
873.000      0.00000e+00      1.00000e+00 
874.000      0.00000e+00      1.00000e+00 
875.000      0.00000e+00      1.00000e+00 
876.000      0.00000e+00      1.00000e+00 
877.000      0.00000e+00      1.00000e+00 
878.000      0.00000e+00      1.00000e+00 
879.000      0.00000e+00      1.00000e+00 
880.000      0.00000e+00      1.00000e+00 
881.000      0.00000e+00      1.00000e+00 
882.000      0.00000e+00      1.00000e+00 
883.000      0.00000e+00      1.00000e+00 
884.000      0.00000e+00      1.00000e+00 
885.000      0.00000e+00      1.00000e+00 
886.000      0.00000e+00      1.00000e+00 
887.000      0.00000e+00      1.00000e+00 
888.000      0.00000e+00      1.00000e+00 
889.000      0.00000e+00      1.00000e+00 
890.000      0.00000e+00      1.00000e+00 
891.000      0.00000e+00      1.00000e+00 
892.000      0.00000e+00      1.00000e+00 
893.000      0.00000e+00      1.00000e+00 
894.000      0.00000e+00      1.00000e+00 
895.000      0.00000e+00      1.00000e+00 
896.000      0.00000e+00      1.00000e+00 
897.000      0.00000e+00      1.00000e+00 
898.000      0.00000e+00      1.00000e+00 
899.000      0.00000e+00      1.00000e+00 
900.000      0.00000e+00      1.00000e+00 
901.000      0.00000e+00      1.00000e+00 
902.000      0.00000e+00      1.00000e+00 
903.000      0.00000e+00      1.00000e+00 
904.000      0.00000e+00      1.00000e+00 
905.000      0.00000e+00      1.00000e+00 
906.000      0.00000e+00      1.00000e+00 
907.000      0.00000e+00      1.00000e+00 
908.000      0.00000e+00      1.00000e+00 
909.000      0.00000e+00      1.00000e+00 
910.000      0.00000e+00      1.00000e+00 
911.000      0.00000e+00      1.00000e+00 
912.000      0.00000e+00      1.00000e+00 
913.000      0.00000e+00      1.00000e+00 
914.000      0.00000e+00      1.00000e+00 
915.000      0.00000e+00      1.00000e+00 
916.000      0.00000e+00      1.00000e+00 
917.000      0.00000e+00      1.00000e+00 
918.000      0.00000e+00      1.00000e+00 
919.000      0.00000e+00      1.00000e+00 
920.000      0.00000e+00      1.00000e+00 
921.000      0.00000e+00      1.00000e+00 
922.000      0.00000e+00      1.00000e+00 
923.000      0.00000e+00      1.00000e+00 
924.000      0.00000e+00      1.00000e+00 
925.000      0.00000e+00      1.00000e+00 
926.000      0.00000e+00      1.00000e+00 
927.000      0.00000e+00      1.00000e+00 
928.000      0.00000e+00      1.00000e+00 
929.000      0.00000e+00      1.00000e+00 
930.000      0.00000e+00      1.00000e+00 
931.000      0.00000e+00      1.00000e+00 
932.000      0.00000e+00      1.00000e+00 
933.000      0.00000e+00      1.00000e+00 
934.000      0.00000e+00      1.00000e+00 
935.000      0.00000e+00      1.00000e+00 
936.000      0.00000e+00      1.00000e+00 
937.000      0.00000e+00      1.00000e+00 
938.000      0.00000e+00      1.00000e+00 
939.000      0.00000e+00      1.00000e+00 
940.000      0.00000e+00      1.00000e+00 
941.000      0.00000e+00      1.00000e+00 
942.000      0.00000e+00      1.00000e+00 
943.000      0.00000e+00      1.00000e+00 
944.000      0.00000e+00      1.00000e+00 
945.000      0.00000e+00      1.00000e+00 
946.000      0.00000e+00      1.00000e+00 
947.000      0.00000e+00      1.00000e+00 
948.000      0.00000e+00      1.00000e+00 
949.000      0.00000e+00      1.00000e+00 
950.000      0.00000e+00      1.00000e+00 
951.000      0.00000e+00      1.00000e+00 
952.000      0.00000e+00      1.00000e+00 
953.000      0.00000e+00      1.00000e+00 
954.000      0.00000e+00      1.00000e+00 
955.000      0.00000e+00      1.00000e+00 
956.000      0.00000e+00      1.00000e+00 
957.000      0.00000e+00      1.00000e+00 
958.000      0.00000e+00      1.00000e+00 
959.000      0.00000e+00      1.00000e+00 
960.000      0.00000e+00      1.00000e+00 
961.000      0.00000e+00      1.00000e+00 
962.000      0.00000e+00      1.00000e+00 
963.000      0.00000e+00      1.00000e+00 
964.000      0.00000e+00      1.00000e+00 
965.000      0.00000e+00      1.00000e+00 
966.000      0.00000e+00      1.00000e+00 
967.000      0.00000e+00      1.00000e+00 
968.000      0.00000e+00      1.00000e+00 
969.000      0.00000e+00      1.00000e+00 
970.000      0.00000e+00      1.00000e+00 
971.000      0.00000e+00      1.00000e+00 
972.000      0.00000e+00      1.00000e+00 
973.000      0.00000e+00      1.00000e+00 
974.000      0.00000e+00      1.00000e+00 
975.000      0.00000e+00      1.00000e+00 
976.000      0.00000e+00      1.00000e+00 
977.000      0.00000e+00      1.00000e+00 
978.000      0.00000e+00      1.00000e+00 
979.000      0.00000e+00      1.00000e+00 
980.000      0.00000e+00      1.00000e+00 
981.000      0.00000e+00      1.00000e+00 
982.000      0.00000e+00      1.00000e+00 
983.000      0.00000e+00      1.00000e+00 
984.000      0.00000e+00      1.00000e+00 
985.000      0.00000e+00      1.00000e+00 
986.000      0.00000e+00      1.00000e+00 
987.000      0.00000e+00      1.00000e+00 
988.000      0.00000e+00      1.00000e+00 
989.000      0.00000e+00      1.00000e+00 
990.000      0.00000e+00      1.00000e+00 
991.000      0.00000e+00      1.00000e+00 
992.000      0.00000e+00      1.00000e+00 
993.000      0.00000e+00      1.00000e+00 
994.000      0.00000e+00      1.00000e+00 
995.000      0.00000e+00      1.00000e+00 
996.000      0.00000e+00      1.00000e+00 
997.000      0.00000e+00      1.00000e+00 
998.000      0.00000e+00      1.00000e+00 
999.000      0.00000e+00      1.00000e+00 
1000.000      0.00000e+00      1.00000e+00 
